27.0 27.0 27.0 27.0 27.0 27.0 27.0 27.0 27.0 27.0 27.0 27.0 27.0 None None None None None None None None None None None None None None None None None None None None None None None None None None None None None None None None None None None None None 
27.0 27.0 27.0 27.587919182 27.5879427547 27.5879427547 27.5879427547 27.587919182 27.0 27.0 27.0 27.0 27.0 None None None None None None None None None None None None None None None None None None None None None None None None None None None None None None None None None None None None None 
27.0 27.0 27.6019383839 30.351974771 30.3818854966 30.3819090693 30.3818854966 30.351974771 27.6019383839 27.0 27.0 27.0 27.0 None None None None None None None None None None None None None None None None None None None None None None None None None None None None None None None None None None None None None 
27.0 27.587919182 30.351974771 146.759421292 151.165372795 151.206775396 151.165372795 146.759421292 30.351974771 27.587919182 27.0 27.0 27.0 None None None None None None None None None None None None None None None None None None None None None None None None None None None None None None None None None None None None None 
27.0 27.5879427547 30.3818854966 151.165372795 269.624266903 276.278217656 269.624266903 151.165372795 30.3818854966 27.5879427547 27.0 27.0 27.0 None None None None None None None None None None None None None None None None None None None None None None None None None None None None None None None None None None None None None 
27.0 27.5879427547 30.3819090693 151.206775396 276.278217656 520.331322837 276.278217656 151.206775396 30.3819090693 27.5879427547 27.0 27.0 27.0 None None None None None None None None None None None None None None None None None None None None None None None None None None None None None None None None None None None None None 
27.0 27.5879427547 30.3818854966 151.165372795 269.624266903 276.278217656 269.624266903 151.165372795 30.3818854966 27.5879427547 27.0 27.0 27.0 None None None None None None None None None None None None None None None None None None None None None None None None None None None None None None None None None None None None None 
27.0 27.587919182 30.351974771 146.759421292 151.165372795 151.206775396 151.165372795 146.759421292 30.351974771 27.587919182 27.0 27.0 27.0 None None None None None None None None None None None None None None None None None None None None None None None None None None None None None None None None None None None None None 
27.0 27.0 27.6019383839 30.351974771 30.3818854966 30.3819090693 30.3818854966 30.351974771 27.6019383839 27.0 27.0 27.0 27.0 None None None None None None None None None None None None None None None None None None None None None None None None None None None None None None None None None None None None None 
27.0 27.0 27.0 27.587919182 27.5879427547 27.5879427547 27.5879427547 27.587919182 27.0 27.0 27.0 27.0 27.0 None None None None None None None None None None None None None None None None None None None None None None None None None None None None None None None None None None None None None 
27.0 27.0 27.0 27.0 27.0 27.0 27.0 27.0 27.0 27.0 27.0 27.0 27.0 None None None None None None None None None None None None None None None None None None None None None None None None None None None None None None None None None None None None None 
27.0 27.0 27.0 27.0 27.0 27.0 27.0 27.0 27.0 27.0 27.0 27.0 27.0 None None None None None None None None None None None None None None None None None None None None None None None None None None None None None None None None None None None None None 
27.0 27.0 27.0 27.0 27.0 27.0 27.0 27.0 27.0 27.0 27.0 27.0 27.0 None None None None None None None None None None None None None None None None None None None None None None None None None None None None None None None None None None None None None 
None None None None None None None None None None None None None None None None None None None None None None None None None None None None None None None None None None None None None None None None None None None None None None None None None None 
None None None None None None None None None None None None None None None None None None None None None None None None None None None None None None None None None None None None None None None None None None None None None None None None None None 
None None None None None None None None None None None None None None None None None None None None None None None None None None None None None None None None None None None None None None None None None None None None None None None None None None 
None None None None None None None None None None None None None None None None None None None None None None None None None None None None None None None None None None None None None None None None None None None None None None None None None None 
None None None None None None None None None None None None None None None None None None None None None None None None None None None None None None None None None None None None None None None None None None None None None None None None None None 
None None None None None None None None None None None None None None None None None None None None None None None None None None None None None None None None None None None None None None None None None None None None None None None None None None 
None None None None None None None None None None None None None None None None None None None None None None None None None None None None None None None None None None None None None None None None None None None None None None None None None None 
None None None None None None None None None None None None None None None None None None None None None None None None None None None None None None None None None None None None None None None None None None None None None None None None None None 
None None None None None None None None None None None None None None None None None None None None None None None None None None None None None None None None None None None None None None None None None None None None None None None None None None 
None None None None None None None None None None None None None None None None None None None None None None None None None None None None None None None None None None None None None None None None None None None None None None None None None None 
None None None None None None None None None None None None None None None None None None None None None None None None None None None None None None None None None None None None None None None None None None None None None None None None None None 
None None None None None None None None None None None None None None None None None None None None None None None None None None None None None None None None None None None None None None None None None None None None None None None None None None 
None None None None None None None None None None None None None None None None None None None None None None None None None None None None None None None None None None None None None None None None None None None None None None None None None None 
None None None None None None None None None None None None None None None None None None None None None None None None None None None None None None None None None None None None None None None None None None None None None None None None None None 
None None None None None None None None None None None None None None None None None None None None None None None None None None None None None None None None None None None None None None None None None None None None None None None None None None 
None None None None None None None None None None None None None None None None None None None None None None None None None None None None None None None None None None None None None None None None None None None None None None None None None None 
None None None None None None None None None None None None None None None None None None None None None None None None None None None None None None None None None None None None None None None None None None None None None None None None None None 
None None None None None None None None None None None None None None None None None None None None None None None None None None None None None None None None None None None None None None None None None None None None None None None None None None 
None None None None None None None None None None None None None None None None None None None None None None None None None None None None None None None None None None None None None None None None None None None None None None None None None None 
None None None None None None None None None None None None None None None None None None None None None None None None None None None None None None None None None None None None None None None None None None None None None None None None None None 
None None None None None None None None None None None None None None None None None None None None None None None None None None None None None None None None None None None None None None None None None None None None None None None None None None 
None None None None None None None None None None None None None None None None None None None None None None None None None None None None None None None None None None None None None None None None None None None None None None None None None None 
None None None None None None None None None None None None None None None None None None None None None None None None None None None None None None None None None None None None None None None None None None None None None None None None None None 
None None None None None None None None None None None None None None None None None None None None None None None None None None None None None None None None None None None None None None None None None None None None None None None None None None 
None None None None None None None None None None None None None None None None None None None None None None None None None None None None None None None None None None None None None None None None None None None None None None None None None None 
None None None None None None None None None None None None None None None None None None None None None None None None None None None None None None None None None None None None None None None None None None None None None None None None None None 
None None None None None None None None None None None None None None None None None None None None None None None None None None None None None None None None None None None None None None None None None None None None None None None None None None 
None None None None None None None None None None None None None None None None None None None None None None None None None None None None None None None None None None None None None None None None None None None None None None None None None None 
None None None None None None None None None None None None None None None None None None None None None None None None None None None None None None None None None None None None None None None None None None None None None None None None None None 
None None None None None None None None None None None None None None None None None None None None None None None None None None None None None None None None None None None None None None None None None None None None None None None None None None 
None None None None None None None None None None None None None None None None None None None None None None None None None None None None None None None None None None None None None None None None None None None None None None None None None None 
None None None None None None None None None None None None None None None None None None None None None None None None None None None None None None None None None None None None None None None None None None None None None None None None None None 
None None None None None None None None None None None None None None None None None None None None None None None None None None None None None None None None None None None None None None None None None None None None None None None None None None 
None None None None None None None None None None None None None None None None None None None None None None None None None None None None None None None None None None None None None None None None None None None None None None None None None None 
None None None None None None None None None None None None None None None None None None None None None None None None None None None None None None None None None None None None None None None None None None None None None None None None None None 
None None None None None None None None None None None None None None None None None None None None None None None None None None None None None None None None None None None None None None None None None None None None None None None None None None 
None None None None None None None None None None None None None None None None None None None None None None None None None None None None None None None None None None None None None None None None None None None None None None None None None None 
