27.0 27.0 27.0 27.0 27.0 27.0 27.0 27.0 27.0 27.0 27.0 27.0 27.0 None None None None None None None None None None None None None None None None None None None None None None None None None None None None None None None None None None None None None 
27.0 27.0 27.0 27.7810669611 27.7811137975 27.7811137975 27.7811137975 27.7810669611 27.0 27.0 27.0 27.0 27.0 None None None None None None None None None None None None None None None None None None None None None None None None None None None None None None None None None None None None None 
27.0 27.0 27.8019277709 30.8839552286 30.9284740976 30.9285209341 30.9284740976 30.8839552286 27.8019277709 27.0 27.0 27.0 27.0 None None None None None None None None None None None None None None None None None None None None None None None None None None None None None None None None None None None None None 
27.0 27.7810669611 30.8839552286 146.163297574 151.252960666 151.314648732 151.252960666 146.163297574 30.8839552286 27.7810669611 27.0 27.0 27.0 None None None None None None None None None None None None None None None None None None None None None None None None None None None None None None None None None None None None None 
27.0 27.7811137975 30.9284740976 151.252960666 268.941941647 276.632358613 268.941941647 151.252960666 30.9284740976 27.7811137975 27.0 27.0 27.0 None None None None None None None None None None None None None None None None None None None None None None None None None None None None None None None None None None None None None 
27.0 27.7811137975 30.9285209341 151.314648732 276.632358613 519.833460895 276.632358613 151.314648732 30.9285209341 27.7811137975 27.0 27.0 27.0 None None None None None None None None None None None None None None None None None None None None None None None None None None None None None None None None None None None None None 
27.0 27.7811137975 30.9284740976 151.252960666 268.941941647 276.632358613 268.941941647 151.252960666 30.9284740976 27.7811137975 27.0 27.0 27.0 None None None None None None None None None None None None None None None None None None None None None None None None None None None None None None None None None None None None None 
27.0 27.7810669611 30.8839552286 146.163297574 151.252960666 151.314648732 151.252960666 146.163297574 30.8839552286 27.7810669611 27.0 27.0 27.0 None None None None None None None None None None None None None None None None None None None None None None None None None None None None None None None None None None None None None 
27.0 27.0 27.8019277709 30.8839552286 30.9284740976 30.9285209341 30.9284740976 30.8839552286 27.8019277709 27.0 27.0 27.0 27.0 None None None None None None None None None None None None None None None None None None None None None None None None None None None None None None None None None None None None None 
27.0 27.0 27.0 27.7810669611 27.7811137975 27.7811137975 27.7811137975 27.7810669611 27.0 27.0 27.0 27.0 27.0 None None None None None None None None None None None None None None None None None None None None None None None None None None None None None None None None None None None None None 
27.0 27.0 27.0 27.0 27.0 27.0 27.0 27.0 27.0 27.0 27.0 27.0 27.0 None None None None None None None None None None None None None None None None None None None None None None None None None None None None None None None None None None None None None 
27.0 27.0 27.0 27.0 27.0 27.0 27.0 27.0 27.0 27.0 27.0 27.0 27.0 None None None None None None None None None None None None None None None None None None None None None None None None None None None None None None None None None None None None None 
27.0 27.0 27.0 27.0 27.0 27.0 27.0 27.0 27.0 27.0 27.0 27.0 27.0 None None None None None None None None None None None None None None None None None None None None None None None None None None None None None None None None None None None None None 
None None None None None None None None None None None None None None None None None None None None None None None None None None None None None None None None None None None None None None None None None None None None None None None None None None 
None None None None None None None None None None None None None None None None None None None None None None None None None None None None None None None None None None None None None None None None None None None None None None None None None None 
None None None None None None None None None None None None None None None None None None None None None None None None None None None None None None None None None None None None None None None None None None None None None None None None None None 
None None None None None None None None None None None None None None None None None None None None None None None None None None None None None None None None None None None None None None None None None None None None None None None None None None 
None None None None None None None None None None None None None None None None None None None None None None None None None None None None None None None None None None None None None None None None None None None None None None None None None None 
None None None None None None None None None None None None None None None None None None None None None None None None None None None None None None None None None None None None None None None None None None None None None None None None None None 
None None None None None None None None None None None None None None None None None None None None None None None None None None None None None None None None None None None None None None None None None None None None None None None None None None 
None None None None None None None None None None None None None None None None None None None None None None None None None None None None None None None None None None None None None None None None None None None None None None None None None None 
None None None None None None None None None None None None None None None None None None None None None None None None None None None None None None None None None None None None None None None None None None None None None None None None None None 
None None None None None None None None None None None None None None None None None None None None None None None None None None None None None None None None None None None None None None None None None None None None None None None None None None 
None None None None None None None None None None None None None None None None None None None None None None None None None None None None None None None None None None None None None None None None None None None None None None None None None None 
None None None None None None None None None None None None None None None None None None None None None None None None None None None None None None None None None None None None None None None None None None None None None None None None None None 
None None None None None None None None None None None None None None None None None None None None None None None None None None None None None None None None None None None None None None None None None None None None None None None None None None 
None None None None None None None None None None None None None None None None None None None None None None None None None None None None None None None None None None None None None None None None None None None None None None None None None None 
None None None None None None None None None None None None None None None None None None None None None None None None None None None None None None None None None None None None None None None None None None None None None None None None None None 
None None None None None None None None None None None None None None None None None None None None None None None None None None None None None None None None None None None None None None None None None None None None None None None None None None 
None None None None None None None None None None None None None None None None None None None None None None None None None None None None None None None None None None None None None None None None None None None None None None None None None None 
None None None None None None None None None None None None None None None None None None None None None None None None None None None None None None None None None None None None None None None None None None None None None None None None None None 
None None None None None None None None None None None None None None None None None None None None None None None None None None None None None None None None None None None None None None None None None None None None None None None None None None 
None None None None None None None None None None None None None None None None None None None None None None None None None None None None None None None None None None None None None None None None None None None None None None None None None None 
None None None None None None None None None None None None None None None None None None None None None None None None None None None None None None None None None None None None None None None None None None None None None None None None None None 
None None None None None None None None None None None None None None None None None None None None None None None None None None None None None None None None None None None None None None None None None None None None None None None None None None 
None None None None None None None None None None None None None None None None None None None None None None None None None None None None None None None None None None None None None None None None None None None None None None None None None None 
None None None None None None None None None None None None None None None None None None None None None None None None None None None None None None None None None None None None None None None None None None None None None None None None None None 
None None None None None None None None None None None None None None None None None None None None None None None None None None None None None None None None None None None None None None None None None None None None None None None None None None 
None None None None None None None None None None None None None None None None None None None None None None None None None None None None None None None None None None None None None None None None None None None None None None None None None None 
None None None None None None None None None None None None None None None None None None None None None None None None None None None None None None None None None None None None None None None None None None None None None None None None None None 
None None None None None None None None None None None None None None None None None None None None None None None None None None None None None None None None None None None None None None None None None None None None None None None None None None 
None None None None None None None None None None None None None None None None None None None None None None None None None None None None None None None None None None None None None None None None None None None None None None None None None None 
None None None None None None None None None None None None None None None None None None None None None None None None None None None None None None None None None None None None None None None None None None None None None None None None None None 
None None None None None None None None None None None None None None None None None None None None None None None None None None None None None None None None None None None None None None None None None None None None None None None None None None 
None None None None None None None None None None None None None None None None None None None None None None None None None None None None None None None None None None None None None None None None None None None None None None None None None None 
None None None None None None None None None None None None None None None None None None None None None None None None None None None None None None None None None None None None None None None None None None None None None None None None None None 
None None None None None None None None None None None None None None None None None None None None None None None None None None None None None None None None None None None None None None None None None None None None None None None None None None 
None None None None None None None None None None None None None None None None None None None None None None None None None None None None None None None None None None None None None None None None None None None None None None None None None None 
None None None None None None None None None None None None None None None None None None None None None None None None None None None None None None None None None None None None None None None None None None None None None None None None None None 
None None None None None None None None None None None None None None None None None None None None None None None None None None None None None None None None None None None None None None None None None None None None None None None None None None 
