27.0 27.0 27.0 27.0 27.0 27.0 27.0 27.0 27.0 27.0 27.0 27.0 27.0 None None None None None None None None None None None None None None None None None None None None None None None None None None None None None None None None None None None None None 
27.0 27.0 27.1969486829 28.3586905696 28.3591222918 28.3591228656 28.3591222918 28.3586905696 27.1969486829 27.0 27.0 27.0 27.0 None None None None None None None None None None None None None None None None None None None None None None None None None None None None None None None None None None None None None 
27.0 27.1969486829 28.4127836539 32.4402146622 32.5524191132 32.5528502616 32.5524191132 32.4402146622 28.4127836539 27.1969486829 27.0 27.0 27.0 None None None None None None None None None None None None None None None None None None None None None None None None None None None None None None None None None None None None None 
27.0 28.3586905696 32.4402146622 144.447890874 151.490617535 151.653656654 151.490617535 144.447890874 32.4402146622 28.3586905696 27.0 27.0 27.0 None None None None None None None None None None None None None None None None None None None None None None None None None None None None None None None None None None None None None 
27.0 28.3591222918 32.5524191132 151.490617535 266.968651839 277.624026666 266.968651839 151.490617535 32.5524191132 28.3591222918 27.0 27.0 27.0 None None None None None None None None None None None None None None None None None None None None None None None None None None None None None None None None None None None None None 
27.0 28.3591228656 32.5528502616 151.653656654 277.624026666 518.389230259 277.624026666 151.653656654 32.5528502616 28.3591228656 27.0 27.0 27.0 None None None None None None None None None None None None None None None None None None None None None None None None None None None None None None None None None None None None None 
27.0 28.3591222918 32.5524191132 151.490617535 266.968651839 277.624026666 266.968651839 151.490617535 32.5524191132 28.3591222918 27.0 27.0 27.0 None None None None None None None None None None None None None None None None None None None None None None None None None None None None None None None None None None None None None 
27.0 28.3586905696 32.4402146622 144.447890874 151.490617535 151.653656654 151.490617535 144.447890874 32.4402146622 28.3586905696 27.0 27.0 27.0 None None None None None None None None None None None None None None None None None None None None None None None None None None None None None None None None None None None None None 
27.0 27.1969486829 28.4127836539 32.4402146622 32.5524191132 32.5528502616 32.5524191132 32.4402146622 28.4127836539 27.1969486829 27.0 27.0 27.0 None None None None None None None None None None None None None None None None None None None None None None None None None None None None None None None None None None None None None 
27.0 27.0 27.1969486829 28.3586905696 28.3591222918 28.3591228656 28.3591222918 28.3586905696 27.1969486829 27.0 27.0 27.0 27.0 None None None None None None None None None None None None None None None None None None None None None None None None None None None None None None None None None None None None None 
27.0 27.0 27.0 27.0 27.0 27.0 27.0 27.0 27.0 27.0 27.0 27.0 27.0 None None None None None None None None None None None None None None None None None None None None None None None None None None None None None None None None None None None None None 
27.0 27.0 27.0 27.0 27.0 27.0 27.0 27.0 27.0 27.0 27.0 27.0 27.0 None None None None None None None None None None None None None None None None None None None None None None None None None None None None None None None None None None None None None 
27.0 27.0 27.0 27.0 27.0 27.0 27.0 27.0 27.0 27.0 27.0 27.0 27.0 None None None None None None None None None None None None None None None None None None None None None None None None None None None None None None None None None None None None None 
None None None None None None None None None None None None None None None None None None None None None None None None None None None None None None None None None None None None None None None None None None None None None None None None None None 
None None None None None None None None None None None None None None None None None None None None None None None None None None None None None None None None None None None None None None None None None None None None None None None None None None 
None None None None None None None None None None None None None None None None None None None None None None None None None None None None None None None None None None None None None None None None None None None None None None None None None None 
None None None None None None None None None None None None None None None None None None None None None None None None None None None None None None None None None None None None None None None None None None None None None None None None None None 
None None None None None None None None None None None None None None None None None None None None None None None None None None None None None None None None None None None None None None None None None None None None None None None None None None 
None None None None None None None None None None None None None None None None None None None None None None None None None None None None None None None None None None None None None None None None None None None None None None None None None None 
None None None None None None None None None None None None None None None None None None None None None None None None None None None None None None None None None None None None None None None None None None None None None None None None None None 
None None None None None None None None None None None None None None None None None None None None None None None None None None None None None None None None None None None None None None None None None None None None None None None None None None 
None None None None None None None None None None None None None None None None None None None None None None None None None None None None None None None None None None None None None None None None None None None None None None None None None None 
None None None None None None None None None None None None None None None None None None None None None None None None None None None None None None None None None None None None None None None None None None None None None None None None None None 
None None None None None None None None None None None None None None None None None None None None None None None None None None None None None None None None None None None None None None None None None None None None None None None None None None 
None None None None None None None None None None None None None None None None None None None None None None None None None None None None None None None None None None None None None None None None None None None None None None None None None None 
None None None None None None None None None None None None None None None None None None None None None None None None None None None None None None None None None None None None None None None None None None None None None None None None None None 
None None None None None None None None None None None None None None None None None None None None None None None None None None None None None None None None None None None None None None None None None None None None None None None None None None 
None None None None None None None None None None None None None None None None None None None None None None None None None None None None None None None None None None None None None None None None None None None None None None None None None None 
None None None None None None None None None None None None None None None None None None None None None None None None None None None None None None None None None None None None None None None None None None None None None None None None None None 
None None None None None None None None None None None None None None None None None None None None None None None None None None None None None None None None None None None None None None None None None None None None None None None None None None 
None None None None None None None None None None None None None None None None None None None None None None None None None None None None None None None None None None None None None None None None None None None None None None None None None None 
None None None None None None None None None None None None None None None None None None None None None None None None None None None None None None None None None None None None None None None None None None None None None None None None None None 
None None None None None None None None None None None None None None None None None None None None None None None None None None None None None None None None None None None None None None None None None None None None None None None None None None 
None None None None None None None None None None None None None None None None None None None None None None None None None None None None None None None None None None None None None None None None None None None None None None None None None None 
None None None None None None None None None None None None None None None None None None None None None None None None None None None None None None None None None None None None None None None None None None None None None None None None None None 
None None None None None None None None None None None None None None None None None None None None None None None None None None None None None None None None None None None None None None None None None None None None None None None None None None 
None None None None None None None None None None None None None None None None None None None None None None None None None None None None None None None None None None None None None None None None None None None None None None None None None None 
None None None None None None None None None None None None None None None None None None None None None None None None None None None None None None None None None None None None None None None None None None None None None None None None None None 
None None None None None None None None None None None None None None None None None None None None None None None None None None None None None None None None None None None None None None None None None None None None None None None None None None 
None None None None None None None None None None None None None None None None None None None None None None None None None None None None None None None None None None None None None None None None None None None None None None None None None None 
None None None None None None None None None None None None None None None None None None None None None None None None None None None None None None None None None None None None None None None None None None None None None None None None None None 
None None None None None None None None None None None None None None None None None None None None None None None None None None None None None None None None None None None None None None None None None None None None None None None None None None 
None None None None None None None None None None None None None None None None None None None None None None None None None None None None None None None None None None None None None None None None None None None None None None None None None None 
None None None None None None None None None None None None None None None None None None None None None None None None None None None None None None None None None None None None None None None None None None None None None None None None None None 
None None None None None None None None None None None None None None None None None None None None None None None None None None None None None None None None None None None None None None None None None None None None None None None None None None 
None None None None None None None None None None None None None None None None None None None None None None None None None None None None None None None None None None None None None None None None None None None None None None None None None None 
None None None None None None None None None None None None None None None None None None None None None None None None None None None None None None None None None None None None None None None None None None None None None None None None None None 
None None None None None None None None None None None None None None None None None None None None None None None None None None None None None None None None None None None None None None None None None None None None None None None None None None 
None None None None None None None None None None None None None None None None None None None None None None None None None None None None None None None None None None None None None None None None None None None None None None None None None None 
None None None None None None None None None None None None None None None None None None None None None None None None None None None None None None None None None None None None None None None None None None None None None None None None None None 
