27.0 27.0 27.0 27.0 27.0 27.0 27.0 27.0 27.0 27.0 27.0 27.0 27.0 None None None None None None None None None None None None None None None None None None None None None None None None None None None None None None None None None None None None None 
27.0 27.0 27.0 28.1664865337 28.166716381 28.1667165262 28.166716381 28.1664865337 27.0 27.0 27.0 27.0 27.0 None None None None None None None None None None None None None None None None None None None None None None None None None None None None None None None None None None None None None 
27.0 27.0 28.2074499744 31.926375871 32.0137600926 32.0139897947 32.0137600926 31.926375871 28.2074499744 27.0 27.0 27.0 27.0 None None None None None None None None None None None None None None None None None None None None None None None None None None None None None None None None None None None None None 
27.0 28.1664865337 31.926375871 145.007767866 151.415424115 151.539868364 151.415424115 145.007767866 31.926375871 28.1664865337 27.0 27.0 27.0 None None None None None None None None None None None None None None None None None None None None None None None None None None None None None None None None None None None None None 
27.0 28.166716381 32.0137600926 151.415424115 267.61775415 277.304982539 267.61775415 151.415424115 32.0137600926 28.166716381 27.0 27.0 27.0 None None None None None None None None None None None None None None None None None None None None None None None None None None None None None None None None None None None None None 
27.0 28.1667165262 32.0139897947 151.539868364 277.304982539 518.869430309 277.304982539 151.539868364 32.0139897947 28.1667165262 27.0 27.0 27.0 None None None None None None None None None None None None None None None None None None None None None None None None None None None None None None None None None None None None None 
27.0 28.166716381 32.0137600926 151.415424115 267.61775415 277.304982539 267.61775415 151.415424115 32.0137600926 28.166716381 27.0 27.0 27.0 None None None None None None None None None None None None None None None None None None None None None None None None None None None None None None None None None None None None None 
27.0 28.1664865337 31.926375871 145.007767866 151.415424115 151.539868364 151.415424115 145.007767866 31.926375871 28.1664865337 27.0 27.0 27.0 None None None None None None None None None None None None None None None None None None None None None None None None None None None None None None None None None None None None None 
27.0 27.0 28.2074499744 31.926375871 32.0137600926 32.0139897947 32.0137600926 31.926375871 28.2074499744 27.0 27.0 27.0 27.0 None None None None None None None None None None None None None None None None None None None None None None None None None None None None None None None None None None None None None 
27.0 27.0 27.0 28.1664865337 28.166716381 28.1667165262 28.166716381 28.1664865337 27.0 27.0 27.0 27.0 27.0 None None None None None None None None None None None None None None None None None None None None None None None None None None None None None None None None None None None None None 
27.0 27.0 27.0 27.0 27.0 27.0 27.0 27.0 27.0 27.0 27.0 27.0 27.0 None None None None None None None None None None None None None None None None None None None None None None None None None None None None None None None None None None None None None 
27.0 27.0 27.0 27.0 27.0 27.0 27.0 27.0 27.0 27.0 27.0 27.0 27.0 None None None None None None None None None None None None None None None None None None None None None None None None None None None None None None None None None None None None None 
27.0 27.0 27.0 27.0 27.0 27.0 27.0 27.0 27.0 27.0 27.0 27.0 27.0 None None None None None None None None None None None None None None None None None None None None None None None None None None None None None None None None None None None None None 
None None None None None None None None None None None None None None None None None None None None None None None None None None None None None None None None None None None None None None None None None None None None None None None None None None 
None None None None None None None None None None None None None None None None None None None None None None None None None None None None None None None None None None None None None None None None None None None None None None None None None None 
None None None None None None None None None None None None None None None None None None None None None None None None None None None None None None None None None None None None None None None None None None None None None None None None None None 
None None None None None None None None None None None None None None None None None None None None None None None None None None None None None None None None None None None None None None None None None None None None None None None None None None 
None None None None None None None None None None None None None None None None None None None None None None None None None None None None None None None None None None None None None None None None None None None None None None None None None None 
None None None None None None None None None None None None None None None None None None None None None None None None None None None None None None None None None None None None None None None None None None None None None None None None None None 
None None None None None None None None None None None None None None None None None None None None None None None None None None None None None None None None None None None None None None None None None None None None None None None None None None 
None None None None None None None None None None None None None None None None None None None None None None None None None None None None None None None None None None None None None None None None None None None None None None None None None None 
None None None None None None None None None None None None None None None None None None None None None None None None None None None None None None None None None None None None None None None None None None None None None None None None None None 
None None None None None None None None None None None None None None None None None None None None None None None None None None None None None None None None None None None None None None None None None None None None None None None None None None 
None None None None None None None None None None None None None None None None None None None None None None None None None None None None None None None None None None None None None None None None None None None None None None None None None None 
None None None None None None None None None None None None None None None None None None None None None None None None None None None None None None None None None None None None None None None None None None None None None None None None None None 
None None None None None None None None None None None None None None None None None None None None None None None None None None None None None None None None None None None None None None None None None None None None None None None None None None 
None None None None None None None None None None None None None None None None None None None None None None None None None None None None None None None None None None None None None None None None None None None None None None None None None None 
None None None None None None None None None None None None None None None None None None None None None None None None None None None None None None None None None None None None None None None None None None None None None None None None None None 
None None None None None None None None None None None None None None None None None None None None None None None None None None None None None None None None None None None None None None None None None None None None None None None None None None 
None None None None None None None None None None None None None None None None None None None None None None None None None None None None None None None None None None None None None None None None None None None None None None None None None None 
None None None None None None None None None None None None None None None None None None None None None None None None None None None None None None None None None None None None None None None None None None None None None None None None None None 
None None None None None None None None None None None None None None None None None None None None None None None None None None None None None None None None None None None None None None None None None None None None None None None None None None 
None None None None None None None None None None None None None None None None None None None None None None None None None None None None None None None None None None None None None None None None None None None None None None None None None None 
None None None None None None None None None None None None None None None None None None None None None None None None None None None None None None None None None None None None None None None None None None None None None None None None None None 
None None None None None None None None None None None None None None None None None None None None None None None None None None None None None None None None None None None None None None None None None None None None None None None None None None 
None None None None None None None None None None None None None None None None None None None None None None None None None None None None None None None None None None None None None None None None None None None None None None None None None None 
None None None None None None None None None None None None None None None None None None None None None None None None None None None None None None None None None None None None None None None None None None None None None None None None None None 
None None None None None None None None None None None None None None None None None None None None None None None None None None None None None None None None None None None None None None None None None None None None None None None None None None 
None None None None None None None None None None None None None None None None None None None None None None None None None None None None None None None None None None None None None None None None None None None None None None None None None None 
None None None None None None None None None None None None None None None None None None None None None None None None None None None None None None None None None None None None None None None None None None None None None None None None None None 
None None None None None None None None None None None None None None None None None None None None None None None None None None None None None None None None None None None None None None None None None None None None None None None None None None 
None None None None None None None None None None None None None None None None None None None None None None None None None None None None None None None None None None None None None None None None None None None None None None None None None None 
None None None None None None None None None None None None None None None None None None None None None None None None None None None None None None None None None None None None None None None None None None None None None None None None None None 
None None None None None None None None None None None None None None None None None None None None None None None None None None None None None None None None None None None None None None None None None None None None None None None None None None 
None None None None None None None None None None None None None None None None None None None None None None None None None None None None None None None None None None None None None None None None None None None None None None None None None None 
None None None None None None None None None None None None None None None None None None None None None None None None None None None None None None None None None None None None None None None None None None None None None None None None None None 
None None None None None None None None None None None None None None None None None None None None None None None None None None None None None None None None None None None None None None None None None None None None None None None None None None 
None None None None None None None None None None None None None None None None None None None None None None None None None None None None None None None None None None None None None None None None None None None None None None None None None None 
None None None None None None None None None None None None None None None None None None None None None None None None None None None None None None None None None None None None None None None None None None None None None None None None None None 
None None None None None None None None None None None None None None None None None None None None None None None None None None None None None None None None None None None None None None None None None None None None None None None None None None 
