27.0 27.0 27.0 27.0 27.0 27.0 27.0 27.0 27.0 27.0 27.0 27.0 27.0 None None None None None None None None None None None None None None None None None None None None None None None None None None None None None None None None None None None None None 
27.0 27.0 27.0 27.3922055978 27.3922055978 27.3922055978 27.3922055978 27.3922055978 27.0 27.0 27.0 27.0 27.0 None None None None None None None None None None None None None None None None None None None None None None None None None None None None None None None None None None None None None 
27.0 27.0 27.3992923069 29.8129274025 29.8280359277 29.8280359277 29.8280359277 29.8129274025 27.3992923069 27.0 27.0 27.0 27.0 None None None None None None None None None None None None None None None None None None None None None None None None None None None None None None None None None None None None None 
27.0 27.3922055978 29.8129274025 147.36346401 151.076621393 151.097469054 151.076621393 147.36346401 29.8129274025 27.3922055978 27.0 27.0 27.0 None None None None None None None None None None None None None None None None None None None None None None None None None None None None None None None None None None None None None 
27.0 27.3922055978 29.8280359277 151.076621393 270.315656274 275.919372237 270.315656274 151.076621393 29.8280359277 27.3922055978 27.0 27.0 27.0 None None None None None None None None None None None None None None None None None None None None None None None None None None None None None None None None None None None None None 
27.0 27.3922055978 29.8280359277 151.097469054 275.919372237 520.830597935 275.919372237 151.097469054 29.8280359277 27.3922055978 27.0 27.0 27.0 None None None None None None None None None None None None None None None None None None None None None None None None None None None None None None None None None None None None None 
27.0 27.3922055978 29.8280359277 151.076621393 270.315656274 275.919372237 270.315656274 151.076621393 29.8280359277 27.3922055978 27.0 27.0 27.0 None None None None None None None None None None None None None None None None None None None None None None None None None None None None None None None None None None None None None 
27.0 27.3922055978 29.8129274025 147.36346401 151.076621393 151.097469054 151.076621393 147.36346401 29.8129274025 27.3922055978 27.0 27.0 27.0 None None None None None None None None None None None None None None None None None None None None None None None None None None None None None None None None None None None None None 
27.0 27.0 27.3992923069 29.8129274025 29.8280359277 29.8280359277 29.8280359277 29.8129274025 27.3992923069 27.0 27.0 27.0 27.0 None None None None None None None None None None None None None None None None None None None None None None None None None None None None None None None None None None None None None 
27.0 27.0 27.0 27.3922055978 27.3922055978 27.3922055978 27.3922055978 27.3922055978 27.0 27.0 27.0 27.0 27.0 None None None None None None None None None None None None None None None None None None None None None None None None None None None None None None None None None None None None None 
27.0 27.0 27.0 27.0 27.0 27.0 27.0 27.0 27.0 27.0 27.0 27.0 27.0 None None None None None None None None None None None None None None None None None None None None None None None None None None None None None None None None None None None None None 
27.0 27.0 27.0 27.0 27.0 27.0 27.0 27.0 27.0 27.0 27.0 27.0 27.0 None None None None None None None None None None None None None None None None None None None None None None None None None None None None None None None None None None None None None 
27.0 27.0 27.0 27.0 27.0 27.0 27.0 27.0 27.0 27.0 27.0 27.0 27.0 None None None None None None None None None None None None None None None None None None None None None None None None None None None None None None None None None None None None None 
None None None None None None None None None None None None None None None None None None None None None None None None None None None None None None None None None None None None None None None None None None None None None None None None None None 
None None None None None None None None None None None None None None None None None None None None None None None None None None None None None None None None None None None None None None None None None None None None None None None None None None 
None None None None None None None None None None None None None None None None None None None None None None None None None None None None None None None None None None None None None None None None None None None None None None None None None None 
None None None None None None None None None None None None None None None None None None None None None None None None None None None None None None None None None None None None None None None None None None None None None None None None None None 
None None None None None None None None None None None None None None None None None None None None None None None None None None None None None None None None None None None None None None None None None None None None None None None None None None 
None None None None None None None None None None None None None None None None None None None None None None None None None None None None None None None None None None None None None None None None None None None None None None None None None None 
None None None None None None None None None None None None None None None None None None None None None None None None None None None None None None None None None None None None None None None None None None None None None None None None None None 
None None None None None None None None None None None None None None None None None None None None None None None None None None None None None None None None None None None None None None None None None None None None None None None None None None 
None None None None None None None None None None None None None None None None None None None None None None None None None None None None None None None None None None None None None None None None None None None None None None None None None None 
None None None None None None None None None None None None None None None None None None None None None None None None None None None None None None None None None None None None None None None None None None None None None None None None None None 
None None None None None None None None None None None None None None None None None None None None None None None None None None None None None None None None None None None None None None None None None None None None None None None None None None 
None None None None None None None None None None None None None None None None None None None None None None None None None None None None None None None None None None None None None None None None None None None None None None None None None None 
None None None None None None None None None None None None None None None None None None None None None None None None None None None None None None None None None None None None None None None None None None None None None None None None None None 
None None None None None None None None None None None None None None None None None None None None None None None None None None None None None None None None None None None None None None None None None None None None None None None None None None 
None None None None None None None None None None None None None None None None None None None None None None None None None None None None None None None None None None None None None None None None None None None None None None None None None None 
None None None None None None None None None None None None None None None None None None None None None None None None None None None None None None None None None None None None None None None None None None None None None None None None None None 
None None None None None None None None None None None None None None None None None None None None None None None None None None None None None None None None None None None None None None None None None None None None None None None None None None 
None None None None None None None None None None None None None None None None None None None None None None None None None None None None None None None None None None None None None None None None None None None None None None None None None None 
None None None None None None None None None None None None None None None None None None None None None None None None None None None None None None None None None None None None None None None None None None None None None None None None None None 
None None None None None None None None None None None None None None None None None None None None None None None None None None None None None None None None None None None None None None None None None None None None None None None None None None 
None None None None None None None None None None None None None None None None None None None None None None None None None None None None None None None None None None None None None None None None None None None None None None None None None None 
None None None None None None None None None None None None None None None None None None None None None None None None None None None None None None None None None None None None None None None None None None None None None None None None None None 
None None None None None None None None None None None None None None None None None None None None None None None None None None None None None None None None None None None None None None None None None None None None None None None None None None 
None None None None None None None None None None None None None None None None None None None None None None None None None None None None None None None None None None None None None None None None None None None None None None None None None None 
None None None None None None None None None None None None None None None None None None None None None None None None None None None None None None None None None None None None None None None None None None None None None None None None None None 
None None None None None None None None None None None None None None None None None None None None None None None None None None None None None None None None None None None None None None None None None None None None None None None None None None 
None None None None None None None None None None None None None None None None None None None None None None None None None None None None None None None None None None None None None None None None None None None None None None None None None None 
None None None None None None None None None None None None None None None None None None None None None None None None None None None None None None None None None None None None None None None None None None None None None None None None None None 
None None None None None None None None None None None None None None None None None None None None None None None None None None None None None None None None None None None None None None None None None None None None None None None None None None 
None None None None None None None None None None None None None None None None None None None None None None None None None None None None None None None None None None None None None None None None None None None None None None None None None None 
None None None None None None None None None None None None None None None None None None None None None None None None None None None None None None None None None None None None None None None None None None None None None None None None None None 
None None None None None None None None None None None None None None None None None None None None None None None None None None None None None None None None None None None None None None None None None None None None None None None None None None 
None None None None None None None None None None None None None None None None None None None None None None None None None None None None None None None None None None None None None None None None None None None None None None None None None None 
None None None None None None None None None None None None None None None None None None None None None None None None None None None None None None None None None None None None None None None None None None None None None None None None None None 
None None None None None None None None None None None None None None None None None None None None None None None None None None None None None None None None None None None None None None None None None None None None None None None None None None 
None None None None None None None None None None None None None None None None None None None None None None None None None None None None None None None None None None None None None None None None None None None None None None None None None None 
None None None None None None None None None None None None None None None None None None None None None None None None None None None None None None None None None None None None None None None None None None None None None None None None None None 
